12 0.25625 0.49140625 0.03125 0.06015625
12 0.26015625 0.4328125 0.03359375 0.06015625
12 0.25859375 0.37109375 0.0328125 0.06015625
12 0.253125 0.31328125 0.03203125 0.0609375
12 0.53984375 0.31171875 0.0359375 0.06328125
12 0.53828125 0.37734375 0.0375 0.06796875
12 0.553125 0.4171875 0.04453125 0.059375
12 0.609375 0.42421875 0.03203125 0.04375
12 0.62734375 0.3859375 0.0265625 0.09765625
12 0.640625 0.3234375 0.03359375 0.05078125
12 0.6359375 0.2640625 0.03515625 0.0546875
6 0.6703125 0.27265625 0.03515625 0.071875
6 0.14375 0.171875 0.0328125 0.06328125
6 0.03515625 0.43828125 0.0390625 0.06640625
6 0.67109375 0.76328125 0.04375 0.0703125
6 0.48984375 0.09765625 0.04296875 0.07578125
6 0.590625 0.17734375 0.04140625 0.065625
6 0.63046875 0.20078125 0.03359375 0.06484375
6 0.5296875 0.8125 0.0375 0.0859375