5 0.33984375 0.315625 0.31328125 0.5359375
6 0.2328125 0.57265625 0.0625 0.096875
6 0.28359375 0.61796875 0.06328125 0.08046875
6 0.3671875 0.70625 0.04765625 0.1109375
6 0.41328125 0.721875 0.05546875 0.1015625
6 0.46015625 0.7140625 0.05546875 0.075
6 0.48515625 0.65078125 0.059375 0.07578125
6 0.52265625 0.5515625 0.03125 0.08671875
6 0.54921875 0.49296875 0.06328125 0.0984375
6 0.584375 0.428125 0.05546875 0.0671875
6 0.61171875 0.375 0.03359375 0.096875
6 0.76953125 0.60390625 0.07890625 0.10546875
6 0.7734375 0.4671875 0.05 0.0921875
6 0.85078125 0.36640625 0.0875 0.10859375
6 0.8484375 0.4640625 0.05 0.1109375