9 0.5953125 0.55 0.37109375 0.27421875
6 0.340625 0.46484375 0.05546875 0.05625
6 0.38203125 0.4234375 0.0375 0.040625
6 0.384375 0.47109375 0.03203125 0.05234375
6 0.475 0.375 0.053125 0.05703125
6 0.54609375 0.384375 0.0375 0.04921875
6 0.64609375 0.38828125 0.04375 0.05
6 0.80546875 0.38515625 0.0390625 0.053125
11 0.59453125 0.8546875 0.79609375 0.11015625
14 0.17265625 0.5078125 0.0765625 0.53359375
6 0.08046875 0.1984375 0.05234375 0.0546875
6 0.04296875 0.17109375 0.03515625 0.0375
6 0.471875 0.175 0.053125 0.08125
6 0.53828125 0.17265625 0.0421875 0.06953125
6 0.6234375 0.2171875 0.03828125 0.07890625
6 0.75625 0.215625 0.0546875 0.071875
6 0.48203125 0.25546875 0.053125 0.06796875
3 0.27578125 0.634375 0.13203125 0.13828125
6 0.8046875 0.49140625 0.04140625 0.0421875
6 0.809375 0.525 0.03671875 0.03203125
6 0.81171875 0.559375 0.0484375 0.05390625
6 0.2984375 0.2796875 0.05 0.06953125
6 0.8015625 0.24921875 0.03203125 0.046875