5 0.79296875 0.60625 0.4140625 0.296875
3 0.40625 0.71171875 0.1359375 0.11953125
11 0.26640625 0.53984375 0.1640625 0.6046875
6 0.04765625 0.303125 0.05078125 0.08828125
6 0.16171875 0.3125 0.07890625 0.05625
6 0.16640625 0.384375 0.075 0.06015625
6 0.475 0.53203125 0.06953125 0.09375
6 0.52265625 0.5015625 0.0609375 0.07421875
6 0.525 0.54296875 0.06328125 0.053125
6 0.6515625 0.4234375 0.05859375 0.06484375
6 0.7390625 0.43828125 0.05546875 0.05390625
6 0.784375 0.428125 0.053125 0.07421875
6 0.875 0.421875 0.05390625 0.0875
6 0.66484375 0.24375 0.11796875 0.08203125
6 0.90078125 0.16953125 0.11171875 0.07734375
9 0.1546875 0.81875 0.26484375 0.23984375
17 0.10546875 0.51796875 0.17890625 0.1265625