3 0.3484375 0.58984375 0.09375 0.07265625
14 0.60546875 0.72421875 0.65859375 0.1078125
11 0.29296875 0.51796875 0.065625 0.26328125
9 0.13515625 0.64140625 0.13828125 0.13984375
5 0.6078125 0.54765625 0.2484375 0.1390625
6 0.40390625 0.50078125 0.0515625 0.04453125
6 0.50546875 0.453125 0.03046875 0.05078125
6 0.55390625 0.45625 0.0328125 0.0421875
6 0.58359375 0.4578125 0.03203125 0.0390625
6 0.90078125 0.55078125 0.0390625 0.05859375
6 0.615625 0.3671875 0.04765625 0.06171875
6 0.70703125 0.375 0.0328125 0.05
6 0.515625 0.390625 0.028125 0.0484375