6 0.371875 0.3421875 0.321875 0.2453125
5 0.3546875 0.32578125 0.2703125 0.19296875
3 0.43359375 0.56875 0.17109375 0.1109375
6 0.2359375 0.546875 0.07578125 0.0828125
11 0.6765625 0.36015625 0.22578125 0.54921875
9 0.5796875 0.83046875 0.3390625 0.27578125
6 0.28046875 0.746875 0.075 0.084375
6 0.3328125 0.73984375 0.0703125 0.084375
6 0.6203125 0.534375 0.0625 0.05078125
6 0.75234375 0.41796875 0.06328125 0.0765625
6 0.765625 0.49296875 0.0453125 0.05546875
6 0.1515625 0.40703125 0.05859375 0.0640625
6 0.19375 0.475 0.05546875 0.05625
17 0.15078125 0.88046875 0.18046875 0.1984375