5 0.33515625 0.2875 0.46484375 0.48359375
3 0.48125 0.7125 0.18515625 0.21640625
6 0.184375 0.6234375 0.10703125 0.07734375
6 0.05703125 0.19609375 0.078125 0.08984375
6 0.60546875 0.2234375 0.0796875 0.0921875
6 0.7359375 0.64296875 0.103125 0.08984375
6 0.17578125 0.70546875 0.09296875 0.075
6 0.10703125 0.55859375 0.08671875 0.11015625
6 0.75390625 0.72734375 0.11640625 0.090625
6 0.034375 0.4375 0.0609375 0.0796875
6 0.0578125 0.3328125 0.08515625 0.07421875
6 0.05859375 0.27578125 0.07734375 0.0640625
6 0.859375 0.22421875 0.05546875 0.1
6 0.91015625 0.3625 0.071875 0.10390625
6 0.946875 0.5125 0.0609375 0.0921875