5 0.6875 0.75546875 0.5546875 0.48828125
6 0.275 0.38984375 0.07421875 0.1
6 0.29921875 0.746875 0.08515625 0.08203125
6 0.6859375 0.4328125 0.05703125 0.09921875
6 0.87421875 0.55234375 0.059375 0.0953125
6 0.8953125 0.628125 0.0375 0.09921875
6 0.92265625 0.6796875 0.07265625 0.08515625
14 0.17421875 0.6609375 0.19609375 0.665625
11 0.60625 0.29609375 0.609375 0.08046875
9 0.3359375 0.2046875 0.2328125 0.1171875
17 0.615625 0.225 0.10703125 0.08203125
3 0.46171875 0.39453125 0.15625 0.09921875