5 0.48828125 0.57890625 0.3375 0.31796875
14 0.20234375 0.61484375 0.09765625 0.65390625
11 0.50859375 0.2703125 0.49765625 0.05546875
3 0.4265625 0.35 0.11015625 0.1078125
9 0.315625 0.215625 0.1859375 0.08984375
6 0.296875 0.57421875 0.0515625 0.0609375
6 0.546875 0.41171875 0.04609375 0.05390625
6 0.54921875 0.3703125 0.03828125 0.03203125
6 0.58984375 0.40078125 0.04296875 0.0484375
6 0.65078125 0.465625 0.053125 0.0578125
6 0.6453125 0.51484375 0.06328125 0.04609375
6 0.65078125 0.54765625 0.0578125 0.0578125
6 0.775 0.453125 0.07421875 0.08359375
6 0.85390625 0.57578125 0.08515625 0.06171875
6 0.90546875 0.7078125 0.08125 0.07109375
6 0.5609375 0.7515625 0.05078125 0.075
6 0.52109375 0.74609375 0.0578125 0.05859375
6 0.5015625 0.9671875 0.06953125 0.065625
6 0.47890625 0.75546875 0.04375 0.05625
6 0.09296875 0.8390625 0.05078125 0.04375
6 0.09296875 0.89375 0.071875 0.0421875