9 0.696875 0.765625 0.2390625 0.21484375
5 0.53515625 0.33984375 0.2640625 0.28828125
3 0.58359375 0.54609375 0.1796875 0.0921875
11 0.4640625 0.6078125 0.5390625 0.10234375
14 0.790625 0.3359375 0.1796875 0.54453125
6 0.25703125 0.36875 0.06796875 0.075
6 0.25 0.27734375 0.06796875 0.0734375
6 0.2796875 0.19296875 0.06015625 0.0609375
6 0.2328125 0.65625 0.05234375 0.0515625
6 0.28125 0.66015625 0.0703125 0.05625
6 0.48203125 0.6875 0.04453125 0.05390625
6 0.52109375 0.678125 0.05546875 0.0796875
17 0.41640625 0.76953125 0.153125 0.1515625