5 0.42734375 0.259375 0.26171875 0.40078125
3 0.51015625 0.56796875 0.12578125 0.12890625
11 0.37421875 0.6765625 0.546875 0.0484375
6 0.30703125 0.475 0.0421875 0.05
6 0.25625 0.371875 0.053125 0.05546875
6 0.2640625 0.30078125 0.05625 0.059375
6 0.2734375 0.275 0.0609375 0.03828125
6 0.27578125 0.1984375 0.07265625 0.04140625
6 0.38828125 0.0484375 0.0640625 0.05546875
6 0.43046875 0.05 0.0578125 0.05234375
6 0.47109375 0.05390625 0.0421875 0.05
6 0.10703125 0.36640625 0.07890625 0.06953125
6 0.05546875 0.19921875 0.059375 0.05625
6 0.1390625 0.7359375 0.0765625 0.04453125
6 0.2015625 0.734375 0.0640625 0.0546875
9 0.6125 0.809375 0.225 0.2046875