5 0.43203125 0.27265625 0.378125 0.4171875
3 0.57421875 0.6265625 0.19453125 0.2234375
6 0.30234375 0.54296875 0.07890625 0.05859375
6 0.16640625 0.36171875 0.08046875 0.09765625
6 0.19375 0.29375 0.0953125 0.078125
6 0.19375 0.2421875 0.0625 0.05546875
6 0.20703125 0.171875 0.08828125 0.06953125
6 0.78515625 0.60859375 0.09453125 0.09609375
6 0.81640625 0.6828125 0.10078125 0.09140625
6 0.39921875 0.92109375 0.09140625 0.096875
6 0.4765625 0.91328125 0.06328125 0.1109375
6 0.30234375 0.61171875 0.07265625 0.10625
6 0.46171875 0.571875 0.10234375 0.0765625