15 0.31875 0.62578125 0.06015625 0.11875
15 0.1984375 0.6734375 0.05546875 0.1390625
15 0.35390625 0.82890625 0.10703125 0.1046875
15 0.53359375 0.75234375 0.1 0.14140625
15 0.7046875 0.62109375 0.075 0.0953125
15 0.80078125 0.61796875 0.08046875 0.109375
15 0.93203125 0.62265625 0.07890625 0.1125
15 0.45859375 0.49375 0.103125 0.08125
6 0.69453125 0.4515625 0.07890625 0.2109375
6 0.7765625 0.44609375 0.078125 0.225
6 0.86875 0.44453125 0.06328125 0.196875
6 0.9421875 0.45078125 0.0765625 0.1953125
6 0.16875 0.2203125 0.0890625 0.128125
6 0.22421875 0.3125 0.06015625 0.16796875
6 0.4984375 0.21015625 0.06875 0.08359375
6 0.55703125 0.27109375 0.053125 0.09453125
6 0.6734375 0.1984375 0.071875 0.15546875